14/05/2019:11/08/57
144,182,106,69
img_20190514-1109.jpg
14/05/2019:11/10/44
144,182,106,69
img_20190514-1110.jpg15/05/2019:12/13/44
193,193,213,14
15/05/2019:12/14/31
193,193,213,14
15/05/2019:12/37/17
7,44,134,1
15/05/2019:12/59/15
7,44,134,1
img_20190515-1300.jpg20/05/2019:17/15/20
144,182,106,69
img_20190526-0136.jpgimg_20190526-1420.jpgimg_20190526-1422.jpgimg_20190526-1423.jpgimg_20190526-1432.jpgimg_20190526-1436.jpgimg_20190526-1507.jpgimg_20190526-1509.jpgimg_20190526-1621.jpgimg_20190527-0024.jpg